0.000000    0.000000    2.000000    -99.930000    -2.000000    -124.955200    2.000000    -149.968887    -2.000000    -174.977142    2.000000    -199.982498    -2.000000    -224.986176    2.000000    -249.988800    -2.000000    -274.990753
0.000000    0.000000    3.998598    -99.789948    -3.999283    -124.865585    3.999585    -149.906662    -3.999739    -174.931427    3.999825    -199.947495    -3.999877    -224.958527    3.999910    -249.966400    -3.999933    -274.972229
0.000000    0.000000    5.994386    -99.579765    -5.997130    -124.731140    5.998340    -149.813324    -5.998955    -174.862854    5.999300    -199.894989    -5.999508    -224.917053    5.999641    -249.932800    -5.999731    -274.944458
0.000000    0.000000    7.985947    -99.299370    -7.992821    -124.551857    7.995849    -149.688873    -7.997387    -174.771423    7.998250    -199.824997    -7.998771    -224.861755    7.999104    -249.888000    -7.999327    -274.907440
0.000000    0.000000    9.971854    -98.948669    -9.985635    -124.327728    9.991696    -149.533310    -9.994774    -174.657150    9.996500    -199.737518    -9.997541    -224.792633    9.998207    -249.832016    -9.998654    -274.861176
0.000000    0.000000    11.950665    -98.527550    -11.974846    -124.058754    11.985466    -149.346649    -11.990854    -174.520050    11.993876    -199.632553    -11.995698    -224.709702    11.996863    -249.764847    -11.997644    -274.805664
0.000000    0.000000    13.920918    -98.035881    -13.959727    -123.744926    13.976741    -149.128906    -13.985366    -174.360123    13.990201    -199.510117    -13.993118    -224.612961    13.994983    -249.686493    -13.996231    -274.740906
0.000000    0.000000    15.881135    -97.473534    -15.939548    -123.386238    15.965104    -148.880096    -15.978048    -174.177399    15.985302    -199.370224    -15.989678    -224.502426    15.992476    -249.596954    -15.994348    -274.666901
0.000000    0.000000    17.829811    -96.840347    -17.913576    -122.982704    17.950138    -148.600235    -17.968641    -173.971878    17.979004    -199.212891    -17.985256    -224.378113    17.989252    -249.496246    -17.991926    -274.583679
0.000000    0.000000    19.765413    -96.136162    -19.881071    -122.534317    19.931425    -148.289368    -19.956882    -173.743591    19.971134    -199.038132    -19.979731    -224.240021    19.985226    -249.384384    -19.988901    -274.491211
0.000000    0.000000    21.686382    -95.360794    -21.841291    -122.041092    21.908546    -147.947510    -21.942513    -173.492569    21.961517    -198.845963    -21.972980    -224.088181    21.980305    -249.261383    -21.985205    -274.389526
0.000000    0.000000    23.591120    -94.514061    -23.793488    -121.503044    23.881084    -147.574692    -23.925270    -173.218842    23.949982    -198.636414    -23.964882    -223.922592    23.974401    -249.127243    -23.980770    -274.278656
0.000000    0.000000    25.477993    -93.595757    -25.736908    -120.920181    25.848619    -147.170959    -25.904896    -172.922440    25.936352    -198.409500    -25.955315    -223.743286    25.967428    -248.981979    -25.975531    -274.158569
0.000000    0.000000    27.345327    -92.605667    -27.670795    -120.292519    27.810730    -146.736343    -27.881128    -172.603394    27.920456    -198.165253    -27.944159    -223.550278    27.959297    -248.825607    -27.969421    -274.029297
0.000000    0.000000    29.191399    -91.543571    -29.594383    -119.620087    29.766996    -146.270889    -29.853710    -172.261734    29.902122    -197.903702    -29.931292    -223.343582    29.949919    -248.658142    -29.962376    -273.890839
0.000000    0.000000    31.014435    -90.409241    -31.506899    -118.902901    31.716999    -145.774658    -31.822382    -171.897522    31.881178    -197.624878    -31.916594    -223.123215    31.939205    -248.479584    -31.954327    -273.743225
0.000000    0.000000    32.812611    -89.202431    -33.407566    -118.140999    33.660313    -145.247681    -33.786884    -171.510788    33.857452    -197.328796    -33.899944    -222.889221    33.927071    -248.289963    -33.945210    -273.586456
0.000000    0.000000    34.584034    -87.922897    -35.295597    -117.334404    35.596519    -144.690033    -35.746960    -171.101578    35.830772    -197.015503    -35.881226    -222.641602    35.913425    -248.089310    -35.934959    -273.420563
0.000000    0.000000    36.326752    -86.570389    -37.170197    -116.483162    37.525192    -144.101776    -37.702347    -170.669937    37.800968    -196.685043    -37.860313    -222.380402    37.898186    -247.877625    -37.923508    -273.245514
0.000000    0.000000    38.038742    -85.144653    -39.030560    -115.587311    39.445911    -143.482971    -39.652794    -170.215927    39.767872    -196.337448    -39.837093    -222.105637    39.881264    -247.654938    -39.910793    -273.061371
0.000000    0.000000    39.717899    -83.645424    -40.875877    -114.646904    41.358250    -142.833679    -41.598042    -169.739594    41.731312    -195.972748    -41.811447    -221.817337    41.862572    -247.421265    -41.896748    -272.868134
0.000000    0.000000    41.362038    -82.072449    -42.705326    -113.661987    43.261784    -142.153976    -43.537834    -169.240997    43.691120    -195.591003    -43.783257    -221.515533    43.842026    -247.176636    -43.881310    -272.665802
0.000000    0.000000    42.968880    -80.425461    -44.518078    -112.632629    45.156086    -141.443939    -45.471916    -168.720200    45.647129    -195.192245    -45.752403    -221.200272    45.819542    -246.921066    -45.864414    -272.454437
0.000000    0.000000    44.536049    -78.704224    -46.313286    -111.558884    47.040733    -140.703659    -47.400032    -168.177277    47.599171    -194.776520    -47.718773    -220.871567    47.795033    -246.654587    -47.845997    -272.234009
0.000000    0.000000    46.061062    -76.908485    -48.090099    -110.440826    48.915295    -139.933212    -49.321926    -167.612274    49.547081    -194.343887    -49.682247    -220.529465    49.768414    -246.377213    -49.825993    -272.004578
0.000000    0.000000    47.541321    -75.038025    -49.847652    -109.278542    50.779346    -139.132706    -51.237347    -167.025284    51.490692    -193.894394    -51.642708    -220.173996    51.739601    -246.088989    -51.804337    -271.766113
0.000000    0.000000    48.974102    -73.092628    -51.585068    -108.072113    52.632458    -138.302216    -53.146042    -166.416367    53.429836    -193.428085    -53.600044    -219.805206    53.708511    -245.789932    -53.780968    -271.518677
0.000000    0.000000    50.356548    -71.072105    -53.301456    -106.821632    54.474197    -137.441849    -55.047760    -165.785599    55.364353    -192.945023    -55.554142    -219.423126    55.675060    -245.480072    -55.755825    -271.262268
0.000000    0.000000    51.685658    -68.976303    -54.995914    -105.527199    56.304138    -136.551712    -56.942249    -165.133057    57.294079    -192.445267    -57.504887    -219.027802    57.639164    -245.159439    -57.728844    -270.996918
0.000000    0.000000    52.958263    -66.805092    -56.667526    -104.188927    58.121849    -135.631912    -58.829258    -164.458832    59.218849    -191.928864    -59.452164    -218.619278    59.600742    -244.828064    -59.699963    -270.722656
0.000000    0.000000    54.171036    -64.558403    -58.315365    -102.806946    59.926895    -134.682556    -60.708542    -163.763000    61.138504    -191.395889    -61.395863    -218.197586    61.559711    -244.485962    -61.669121    -270.439514
0.000000    0.000000    55.320454    -62.236214    -59.938480    -101.381378    61.718845    -133.703781    -62.579849    -163.045654    63.052883    -190.846390    -63.335869    -217.762787    63.515991    -244.133194    -63.636257    -270.147491
0.000000    0.000000    56.402802    -59.838570    -61.535912    -99.912369    63.497269    -132.695694    -64.442932    -162.306870    64.961830    -190.280441    -65.272079    -217.314926    65.469505    -243.769775    -65.601311    -269.846619
0.000000    0.000000    57.414143    -57.365593    -63.106682    -98.400070    65.261726    -131.658432    -66.297546    -161.546753    66.865181    -189.698105    -67.204376    -216.854034    67.420166    -243.395752    -67.564217    -269.536926
0.000000    0.000000    58.350311    -54.817505    -64.649796    -96.844650    67.011787    -130.592117    -68.143440    -160.765396    68.762779    -189.099442    -69.132652    -216.380173    69.367897    -243.011139    -69.524918    -269.218445
0.000000    0.000000    59.206886    -52.194645    -66.164246    -95.246292    68.747017    -129.496902    -69.980377    -159.962906    70.654465    -188.484543    -71.056801    -215.893387    71.312622    -242.615997    -71.483360    -268.891205
0.000000    0.000000    59.979172    -49.497478    -67.649002    -93.605194    70.466980    -128.372925    -71.808113    -159.139374    72.540092    -187.853455    -72.976715    -215.393738    73.254257    -242.210342    -73.439476    -268.555206
0.000000    0.000000    60.662182    -46.726639    -69.103020    -91.921555    72.171234    -127.220329    -73.626404    -158.294922    74.419502    -187.206268    -74.892281    -214.881271    75.192726    -241.794235    -75.393211    -268.210510
0.000000    0.000000    61.250610    -43.882942    -70.525230    -90.195610    73.859344    -126.039276    -75.435005    -157.429642    76.292534    -186.543060    -76.803398    -214.356033    77.127953    -241.367691    -77.344505    -267.857147
0.000000    0.000000    61.738811    -40.967438    -71.914551    -88.427597    75.530869    -124.829918    -77.233681    -156.543640    78.159042    -185.863892    -78.709961    -213.818085    79.059868    -240.930771    -79.293304    -267.495117
0.000000    0.000000    62.120770    -37.981438    -73.269875    -86.617783    77.185371    -123.592430    -79.022194    -155.637039    80.018883    -185.168854    -80.611870    -213.267487    80.988388    -240.483505    -81.239548    -267.124481
0.000000    0.000000    62.390079    -34.926559    -74.590073    -84.766449    78.822411    -122.326981    -80.800301    -154.709961    81.871895    -184.458023    -82.509018    -212.704285    82.913437    -240.025940    -83.183174    -266.745239
0.000000    0.000000    62.539913    -31.804800    -75.874001    -82.873894    80.441544    -121.033745    -82.567772    -153.762512    83.717934    -183.731491    -84.401299    -212.128540    84.834938    -239.558105    -85.124130    -266.357452
0.000000    0.000000    62.563000    -28.618582    -77.120491    -80.940445    82.042336    -119.712906    -84.324371    -152.794815    85.556854    -182.989334    -86.288612    -211.540329    86.752823    -239.080063    -87.062363    -265.961121
0.000000    0.000000    62.451595    -25.370844    -78.328346    -78.966446    83.624336    -118.364647    -86.069870    -151.806992    87.388512    -182.231628    -88.170868    -210.939697    88.667015    -238.591843    -88.997818    -265.556305
0.000000    0.000000    62.197468    -22.065125    -79.496353    -76.952278    85.187103    -116.989166    -87.804031    -150.799179    89.212753    -181.458466    -90.047958    -210.326706    90.577446    -238.093491    -90.930435    -265.143036
0.000000    0.000000    61.791866    -18.705669    -80.623276    -74.898338    86.730202    -115.586670    -89.526619    -149.771500    91.029442    -180.669952    -91.919785    -209.701416    92.484039    -237.585068    -92.860161    -264.721313
0.000000    0.000000    61.225529    -15.297555    -81.707848    -72.805054    88.253181    -114.157364    -91.237411    -148.724075    92.838440    -179.866165    -93.786247    -209.063904    94.386726    -237.066605    -94.786942    -264.291199
0.000000    0.000000    60.488667    -11.846834    -82.748779    -70.672882    89.755592    -112.701454    -92.936180    -147.657059    94.639595    -179.047195    -95.647255    -208.414230    96.285439    -236.538147    -96.710724    -263.852722
0.000000    0.000000    59.570992    -8.360701    -83.744766    -68.502327    91.237000    -111.219170    -94.622704    -146.570572    96.432777    -178.213135    -97.502708    -207.752457    98.180107    -235.999756    -98.631462    -263.405945
0.000000    0.000000    58.461750    -4.847681    -84.694466    -66.293907    92.696953    -109.710732    -96.296753    -145.464767    98.217850    -177.364075    -99.352516    -207.078644    100.070656    -235.451477    -100.549095    -262.950867
0.000000    0.000000    57.149792    -1.317852    -85.596512    -64.048187    94.135002    -108.176376    -97.958107    -144.339783    99.994667    -176.500122    -101.196587    -206.392868    101.957024    -234.893356    -102.463570    -262.487549
0.000000    0.000000    55.623680    2.216915    -86.449516    -61.765778    95.550705    -106.616341    -99.606537    -143.195770    101.763100    -175.621368    -103.034821    -205.695206    103.839142    -234.325439    -104.374840    -262.016022
0.000000    0.000000    53.871864    5.742686    -87.252068    -59.447319    96.943619    -105.030869    -101.241829    -142.032867    103.523018    -174.727905    -104.867134    -204.985718    105.716942    -233.747772    -106.282852    -261.536316
0.000000    0.000000    51.882904    9.243178    -88.002724    -57.093502    98.313293    -103.420219    -102.863770    -140.851227    105.274284    -173.819839    -106.693436    -204.264465    107.590355    -233.160416    -108.187561    -261.048462
0.000000    0.000000    49.645805    12.699463    -88.700012    -54.705063    99.659279    -101.784653    -104.472137    -139.651001    107.016769    -172.897278    -108.513634    -203.531540    109.459320    -232.563416    -110.088913    -260.552521
0.000000    0.000000    47.150455    16.089687    -89.342445    -52.282787    100.981133    -100.124435    -106.066719    -138.432358    108.750343    -171.960327    -110.327637    -202.787003    111.323776    -231.956833    -111.986862    -260.048523
0.000000    0.000000    44.388191    19.388830    -89.928497    -49.827518    102.278404    -98.439850    -107.647301    -137.195435    110.474876    -171.009079    -112.135368    -202.030930    113.183655    -231.340714    -113.881355    -259.536499
0.000000    0.000000    41.352520    22.568548    -90.456619    -47.340153    103.550644    -96.731171    -109.213676    -135.940399    112.190247    -170.043655    -113.936737    -201.263382    115.038895    -230.715118    -115.772346    -259.016510
0.000000    0.000000    38.039993    25.597168    -90.925240    -44.821648    104.797409    -94.998695    -110.765633    -134.667419    113.896332    -169.064148    -115.731659    -200.484451    116.889435    -230.080093    -117.659790    -258.488556
0.000000    0.000000    34.451210    28.439896    -91.332764    -42.273026    106.018257    -93.242722    -112.302963    -133.376663    115.593002    -168.070663    -117.520050    -199.694214    118.735214    -229.435699    -119.543640    -257.952728
0.000000    0.000000    30.591936    31.059330    -91.677567    -39.695374    107.212738    -91.463562    -113.825462    -132.068298    117.280136    -167.063324    -119.301826    -198.892731    120.576172    -228.781998    -121.423843    -257.409027
0.000000    0.000000    26.474205    33.416359    -91.958008    -37.089855    108.380402    -89.661522    -115.332932    -130.742493    118.957619    -166.042236    -121.076904    -198.080093    122.412254    -228.119034    -123.300362    -256.857513
0.000000    0.000000    22.117310    35.471508    -92.172424    -34.457703    109.520805    -87.836929    -116.825165    -129.399414    120.625328    -165.007507    -122.845215    -197.256378    124.243401    -227.446869    -125.173149    -256.298218
0.000000    0.000000    17.548462    37.186729    -92.319122    -31.800238    110.633507    -85.990120    -118.301964    -128.039230    122.283150    -163.959244    -124.606667    -196.421661    126.069550    -226.765564    -127.042160    -255.731201
0.000000    0.000000    12.802929    38.527542    -92.396408    -29.118860    111.718056    -84.121429    -119.763130    -126.662132    123.930969    -162.897568    -126.361191    -195.576019    127.890640    -226.075165    -128.907349    -255.156494
0.000000    0.000000    7.923472    39.465340    -92.402550    -26.415064    112.774010    -82.231209    -121.208473    -125.268295    125.568672    -161.822601    -128.108704    -194.719528    129.706619    -225.375732    -130.768677    -254.574142
0.000000    0.000000    2.958975    39.979568    -92.335823    -23.690435    113.800934    -80.319817    -122.637794    -123.857903    127.196152    -160.734451    -129.849136    -193.852264    131.517441    -224.667328    -132.626099    -253.984192
0.000000    0.000000    -2.037671    40.059425    -92.194481    -20.946663    114.798378    -78.387619    -124.050903    -122.431137    128.813293    -159.633240    -131.582413    -192.974319    133.323044    -223.950012    -134.479584    -253.386673
0.000000    0.000000    -7.012215    39.704765    -91.976776    -18.185541    115.765907    -76.434998    -125.447609    -120.988182    130.419983    -158.519073    -133.308472    -192.085785    135.123383    -223.223846    -136.329071    -252.781647
0.000000    0.000000    -11.911869    38.926067    -91.680946    -15.408974    116.703079    -74.462334    -126.827728    -119.529236    132.016113    -157.392090    -135.027222    -191.186722    136.918396    -222.488876    -138.174530    -252.169144
0.000000    0.000000    -16.687918    37.743443    -91.305244    -12.618981    117.609459    -72.470024    -128.191071    -118.054482    133.601593    -156.252396    -136.738602    -190.277222    138.708023    -221.745178    -140.015930    -251.549225
0.000000    0.000000    -21.297756    36.184898    -90.847931    -9.817709    118.484612    -70.458473    -129.537460    -116.564110    135.176300    -155.100113    -138.442535    -189.357376    140.492233    -220.992798    -141.853210    -250.921921
0.000000    0.000000    -25.706186    34.284161    -90.307266    -7.007429    119.328102    -68.428093    -130.866714    -115.058319    136.740143    -153.935364    -140.138962    -188.427261    142.270966    -220.231812    -143.686356    -250.287292
0.000000    0.000000    -29.885925    32.078419    -89.681534    -4.190549    120.139503    -66.379311    -132.178665    -113.537308    138.293030    -152.758270    -141.827820    -187.486954    144.044174    -219.462265    -145.515305    -249.645370
0.000000    0.000000    -33.817425    29.606228    -88.969055    -1.369615    120.918381    -64.312553    -133.473129    -112.001274    139.834839    -151.568954    -143.509033    -186.536545    145.811798    -218.684235    -147.340042    -248.996201
0.000000    0.000000    -37.488209    26.905788    -88.168175    1.452680    121.664307    -62.228275    -134.749924    -110.450417    141.365494    -150.367538    -145.182541    -185.576126    147.573807    -217.897766    -149.160522    -248.339844
0.000000    0.000000    -40.891914    24.013662    -87.277283    4.273491    122.376862    -60.126930    -136.008881    -108.884941    142.884888    -149.154144    -146.848282    -184.605774    149.330154    -217.102936    -150.976700    -247.676331
0.000000    0.000000    -44.027203    20.963909    -86.294823    7.089820    123.055626    -58.008980    -137.249832    -107.305054    144.392929    -147.928909    -148.506195    -183.625580    151.080780    -216.299789    -152.788544    -247.005707
0.000000    0.000000    -46.896706    17.787600    -85.219307    9.898502    123.700180    -55.874901    -138.472626    -105.710960    145.889542    -146.691940    -150.156204    -182.635620    152.825653    -215.488403    -154.596024    -246.328033
0.000000    0.000000    -49.506042    14.512610    -84.049324    12.696213    124.310104    -53.725182    -139.677078    -104.102875    147.374619    -145.443375    -151.798264    -181.635986    154.564728    -214.668839    -156.399109    -245.643341
0.000000    0.000000    -51.862988    11.163633    -82.783546    15.479452    124.884995    -51.560322    -140.863037    -102.481003    148.848068    -144.183350    -153.432312    -180.626770    156.297943    -213.841156    -158.197754    -244.951691
0.000000    0.000000    -53.976780    7.762317    -81.420753    18.244553    125.424438    -49.380829    -142.030350    -100.845558    150.309814    -142.911987    -155.058289    -179.608047    158.025284    -213.005417    -159.991943    -244.253128
0.000000    0.000000    -55.857574    4.327494    -79.959854    20.987669    125.928032    -47.187222    -143.178848    -99.196762    151.759766    -141.629410    -156.676147    -178.579926    159.746689    -212.161682    -161.781631    -243.547699
0.000000    0.000000    -57.516022    0.875444    -78.399879    23.704781    126.395386    -44.980034    -144.308380    -97.534828    153.197845    -140.335739    -158.285828    -177.542480    161.462128    -211.310028    -163.566788    -242.835449
0.000000    0.000000    -58.962940    -2.579825    -76.740028    26.391693    126.826096    -42.759804    -145.418793    -95.859970    154.623962    -139.031113    -159.887268    -176.495789    163.171555    -210.450500    -165.347382    -242.116425
0.000000    0.000000    -60.209091    -6.026310    -74.979660    29.044037    127.219780    -40.527092    -146.509949    -94.172417    156.038040    -137.715668    -161.480423    -175.439957    164.874939    -209.583176    -167.123383    -241.390671
0.000000    0.000000    -61.265011    -9.453754    -73.118332    31.657274    127.576050    -38.282459    -147.581680    -92.472382    157.440002    -136.389526    -163.065247    -174.375061    166.572235    -208.708115    -168.894760    -240.658249
0.000000    0.000000    -62.140900    -12.853419    -71.155823    34.226700    127.894524    -36.026489    -148.633865    -90.760094    158.829773    -135.052826    -164.641678    -173.301193    168.263397    -207.825378    -170.661484    -239.919189
0.000000    0.000000    -62.846554    -16.217873    -69.092133    36.747459    128.174835    -33.759766    -149.666351    -89.035774    160.207275    -133.705688    -166.209671    -172.218445    169.948410    -206.935028    -172.423523    -239.173553
0.000000    0.000000    -63.391315    -19.540806    -66.927528    39.214546    128.416626    -31.482895    -150.679001    -87.299660    161.572433    -132.348251    -167.769180    -171.126907    171.627228    -206.037140    -174.180862    -238.421387
0.000000    0.000000    -63.784054    -22.816877    -64.662544    41.622818    128.619522    -29.196491    -151.671677    -85.551971    162.925171    -130.980652    -169.320160    -170.026672    173.299805    -205.131775    -175.933456    -237.662735
0.000000    0.000000    -64.033165    -26.041571    -62.298031    43.967022    128.783173    -26.901178    -152.644241    -83.792938    164.265427    -129.603012    -170.862564    -168.917816    174.966125    -204.218994    -177.681290    -236.897644
0.000000    0.000000    -64.146584    -29.211077    -59.835152    46.241806    128.907242    -24.597597    -153.596573    -82.022797    165.593140    -128.215469    -172.396332    -167.800430    176.626144    -203.298859    -179.424332    -236.126175
0.000000    0.000000    -64.131767    -32.322189    -57.275417    48.441738    128.991379    -22.286396    -154.528534    -80.241783    166.908234    -126.818153    -173.921432    -166.674622    178.279831    -202.371445    -181.162567    -235.348373
0.000000    0.000000    -63.995754    -35.372219    -54.620701    50.561337    129.035263    -19.968241    -155.440002    -78.450127    168.210632    -125.411201    -175.437836    -165.540466    179.927155    -201.436798    -182.895966    -234.564270
0.000000    0.000000    -63.745155    -38.358913    -51.873257    52.595100    129.038574    -17.643806    -156.330856    -76.648071    169.500290    -123.994743    -176.945480    -164.398041    181.568085    -200.494995    -184.624496    -233.773926
0.000000    0.000000    -63.386192    -41.280399    -49.035740    54.537537    129.000992    -15.313782    -157.200989    -74.835846    170.777130    -122.568916    -178.444336    -163.247452    183.202591    -199.546112    -186.348129    -232.977402
0.000000    0.000000    -62.924713    -44.135124    -46.111210    56.383198    128.922226    -12.978867    -158.050262    -73.013695    172.041107    -121.133850    -179.934357    -162.088791    184.830658    -198.590195    -188.066849    -232.174728
0.000000    0.000000    -62.366226    -46.921806    -43.103149    58.126720    128.801971    -10.639776    -158.878571    -71.181862    173.292160    -119.689682    -181.415512    -160.922134    186.452240    -197.627319    -189.780640    -231.365967
0.000000    0.000000    -61.715904    -49.639397    -40.015469    59.762871    128.639954    -8.297235    -159.685806    -69.340584    174.530228    -118.236549    -182.887772    -159.747589    188.067322    -196.657547    -191.489471    -230.551163
0.000000    0.000000    -60.978630    -52.287048    -36.852497    61.286575    128.435898    -5.951983    -160.471848    -67.490105    175.755249    -116.774582    -184.351089    -158.565231    189.675858    -195.680939    -193.193329    -229.730362
0.000000    0.000000    -60.159000    -54.864082    -33.618992    62.692978    128.189545    -3.604770    -161.236603    -65.630676    176.967178    -115.303909    -185.805420    -157.375153    191.277832    -194.697556    -194.892181    -228.903610
0.000000    0.000000    -59.261349    -57.369961    -30.320118    63.977482    127.900642    -1.256361    -161.979965    -63.762535    178.165955    -113.824677    -187.250748    -156.177444    192.873230    -193.707474    -196.586014    -228.070969
0.000000    0.000000    -58.289772    -59.804272    -26.961435    65.135788    127.568954    1.092469    -162.701828    -61.885933    179.351532    -112.337013    -188.687042    -154.972198    194.462021    -192.710754    -198.274811    -227.232483
0.000000    0.000000    -57.248138    -62.166710    -23.548882    66.163948    127.194260    3.440930    -163.402100    -60.001118    180.523865    -110.841049    -190.114258    -153.759491    196.044174    -191.707458    -199.958542    -226.388184
0.000000    0.000000    -56.140110    -64.457047    -20.088739    67.058395    126.776344    5.788221    -164.080688    -58.108341    181.682907    -109.336922    -191.532364    -152.539429    197.619675    -190.697662    -201.637192    -225.538147
0.000000    0.000000    -54.969158    -66.675140    -16.587605    67.816010    126.315010    8.133532    -164.737503    -56.207851    182.828613    -107.824768    -192.941345    -151.312088    199.188492    -189.681412    -203.310745    -224.682404
0.000000    0.000000    -53.738575    -68.820900    -13.052347    68.434120    125.810074    10.476034    -165.372452    -54.299900    183.960938    -106.304726    -194.341156    -150.077560    200.750610    -188.658783    -204.979187    -223.820999
0.000000    0.000000    -52.451485    -70.894295    -9.490069    68.910561    125.261368    12.814892    -165.985443    -52.384743    185.079834    -104.776924    -195.731781    -148.835938    202.306000    -187.629837    -206.642487    -222.953995
0.000000    0.000000    -51.110863    -72.895332    -5.908055    69.243690    124.668739    15.149256    -166.576401    -50.462631    186.185257    -103.241493    -197.113190    -147.587311    203.854660    -186.594635    -208.300644    -222.081436
0.000000    0.000000    -49.719536    -74.824059    -2.313719    69.432404    124.032051    17.478266    -167.145248    -48.533817    187.277176    -101.698578    -198.485352    -146.331757    205.396545    -185.553253    -209.953629    -221.203369
0.000000    0.000000    -48.280209    -76.680550    1.285447    69.476158    123.351189    19.801050    -167.691910    -46.598560    188.355545    -100.148308    -199.848251    -145.069382    206.931656    -184.505737    -211.601440    -220.319839
0.000000    0.000000    -46.795456    -78.464897    4.881932    69.374962    122.626038    22.116726    -168.216293    -44.657116    189.420334    -98.590813    -201.201874    -143.800262    208.459976    -183.452164    -213.244049    -219.430908
0.000000    0.000000    -45.267746    -80.177208    8.468258    69.129402    121.856522    24.424400    -168.718353    -42.709743    190.471512    -97.026230    -202.546173    -142.524490    209.981476    -182.392593    -214.881454    -218.536606
0.000000    0.000000    -43.699440    -81.817619    12.037037    68.740601    121.042572    26.723167    -169.197998    -40.756699    191.509033    -95.454697    -203.881149    -141.242142    211.496140    -181.327087    -216.513626    -217.636993
0.000000    0.000000    -42.092804    -83.386269    15.581024    68.210220    120.184135    29.012114    -169.655182    -38.798244    192.532883    -93.876343    -205.206772    -139.953323    213.003967    -180.255722    -218.140564    -216.732117
0.000000    0.000000    -40.450016    -84.883293    19.093168    67.540436    119.281181    31.290314    -170.089828    -36.834637    193.543015    -92.291298    -206.523010    -138.658112    214.504929    -179.178543    -219.762253    -215.822021
0.000000    0.000000    -38.773167    -86.308846    22.566658    66.733917    118.333702    33.556835    -170.501892    -34.866138    194.539398    -90.699707    -207.829865    -137.356583    215.999008    -178.095627    -221.378677    -214.906754
0.000000    0.000000    -37.064278    -87.663078    25.994963    65.793777    117.341713    35.810734    -170.891312    -32.893009    195.522018    -89.101692    -209.127304    -136.048843    217.486206    -177.007019    -222.989822    -213.986374
0.000000    0.000000    -35.325294    -88.946136    29.371870    64.723549    116.305237    38.051056    -171.258041    -30.915510    196.490845    -87.497391    -210.415314    -134.734970    218.966492    -175.912796    -224.595688    -213.060913
0.000000    0.000000    -33.558105    -90.158165    32.691517    63.527142    115.224335    40.276844    -171.602020    -28.933905    197.445847    -85.886932    -211.693878    -133.415054    220.439865    -174.813019    -226.196243    -212.130432
0.000000    0.000000    -31.764530    -91.299309    35.948414    62.208797    114.099083    42.487129    -171.923203    -26.948456    198.386993    -84.270454    -212.962997    -132.089172    221.906311    -173.707748    -227.791489    -211.194962
0.000000    0.000000    -29.946339    -92.369698    39.137466    60.773048    112.929573    44.680935    -172.221558    -24.959429    199.314285    -82.648087    -214.222641    -130.757416    223.365814    -172.597046    -229.381424    -210.254562
0.000000    0.000000    -28.105253    -93.369469    42.253983    59.224663    111.715935    46.857281    -172.497025    -22.967087    200.227676    -81.019958    -215.472794    -129.419876    224.818359    -171.480957    -230.966019    -209.309280
0.000000    0.000000    -26.242947    -94.298737    45.293690    57.568619    110.458313    49.015179    -172.749588    -20.971693    201.127167    -79.386200    -216.713455    -128.076630    226.263947    -170.359558    -232.545288    -208.359161
0.000000    0.000000    -24.361052    -95.157623    48.252728    55.810047    109.156876    51.153633    -172.979202    -18.973515    202.012726    -77.746948    -217.944595    -126.727760    227.702560    -169.232925    -234.119202    -207.404251
0.000000    0.000000    -22.461163    -95.946220    51.127655    53.954189    107.811821    53.271648    -173.185837    -16.972815    202.884338    -76.102325    -219.166214    -125.373352    229.134201    -168.101105    -235.687759    -206.444595
0.000000    0.000000    -20.544842    -96.664627    53.915440    52.006371    106.423370    55.368221    -173.369461    -14.969860    203.742004    -74.452469    -220.378311    -124.013489    230.558853    -166.964157    -237.250961    -205.480240
0.000000    0.000000    -18.613621    -97.312927    56.613441    49.971947    104.991768    57.442345    -173.530060    -12.964917    204.585693    -72.797508    -221.580872    -122.648262    231.976501    -165.822128    -238.808792    -204.511230
0.000000    0.000000    -16.669003    -97.891182    59.219410    47.856285    103.517296    59.493008    -173.667603    -10.958252    205.415390    -71.137573    -222.773880    -121.277748    233.387146    -164.675095    -240.361237    -203.537613
0.000000    0.000000    -14.712467    -98.399460    61.731461    45.664730    102.000244    61.519203    -173.782074    -8.950130    206.231094    -69.472786    -223.957336    -119.902031    234.790787    -163.523117    -241.908295    -202.559433
0.000000    0.000000    -12.745475    -98.837799    64.148064    43.402569    100.440948    63.519920    -173.873459    -6.940820    207.032791    -67.803284    -225.131226    -118.521194    236.187408    -162.366257    -243.449966    -201.576752
0.000000    0.000000    -10.769467    -99.206230    66.468018    41.075016    98.839760    65.494148    -173.941742    -4.930588    207.820465    -66.129189    -226.295547    -117.135323    237.577011    -161.204575    -244.986237    -200.589600
0.000000    0.000000    -8.785873    -99.504776    68.690437    38.687191    97.197067    67.440872    -173.986923    -2.919700    208.594116    -64.450630    -227.450287    -115.744492    238.959579    -160.038116    -246.517105    -199.598022
0.000000    0.000000    -6.796110    -99.733444    70.814720    36.244095    95.513283    69.359085    -174.008987    -0.908425    209.353745    -62.767738    -228.595459    -114.348785    240.335114    -158.866943    -248.042572    -198.602066
0.000000    0.000000    -4.801583    -99.892227    72.840538    33.750603    93.788849    71.247772    -174.007935    1.102971    210.099335    -61.080635    -229.731049    -112.948288    241.703613    -157.691132    -249.562622    -197.601776
0.000000    0.000000    -2.803697    -99.981094    74.767807    31.211447    92.024231    73.105942    -173.983765    3.114220    210.830887    -59.389450    -230.857040    -111.543076    243.065079    -156.510727    -251.077255    -196.597198
0.000000    0.000000    -0.803849    -100.000023    76.596672    28.631212    90.219933    74.932587    -173.936478    5.125056    211.548386    -57.694309    -231.973450    -110.133232    244.419495    -155.325790    -252.586472    -195.588379
0.000000    0.000000    1.196562    -99.948959    78.327477    26.014324    88.376488    76.726715    -173.866089    7.135211    212.251846    -55.995338    -233.080276    -108.718834    245.766876    -154.136368    -254.090271    -194.575363
0.000000    0.000000    3.196134    -99.827835    79.960762    23.365047    86.494453    78.487343    -173.772598    9.144417    212.941254    -54.292664    -234.177505    -107.299965    247.107208    -152.942535    -255.588638    -193.558182
0.000000    0.000000    5.193460    -99.636581    81.497223    20.687479    84.574417    80.213486    -173.656021    11.152409    213.616623    -52.586407    -235.265152    -105.876701    248.440491    -151.744339    -257.081573    -192.536896
0.000000    0.000000    7.187126    -99.375099    82.937721    17.985550    82.616997    81.904175    -173.516373    13.158919    214.277939    -50.876694    -236.343201    -104.449120    249.766724    -150.541840    -258.569092    -191.511536
0.000000    0.000000    9.175706    -99.043289    84.283234    15.263021    80.622849    83.558449    -173.353683    15.163682    214.925217    -49.163647    -237.411667    -103.017303    251.085907    -149.335083    -260.051178    -190.482162
0.000000    0.000000    11.157759    -98.641029    85.534859    12.523492    78.592651    85.175362    -173.167969    17.166430    215.558456    -47.447388    -238.470535    -101.581329    252.398041    -148.124130    -261.527802    -189.448807
0.000000    0.000000    13.131827    -98.168182    86.693802    9.770392    76.527107    86.753967    -172.959244    19.166897    216.177673    -45.728039    -239.519821    -100.141266    253.703125    -146.909042    -262.998993    -188.411514
0.000000    0.000000    15.096435    -97.624603    87.761353    7.006993    74.426964    88.293350    -172.727539    21.164818    216.782852    -44.005722    -240.559525    -98.697197    255.001160    -145.689880    -264.464752    -187.370316
0.000000    0.000000    17.050079    -97.010139    88.738884    4.236406    72.292992    89.792595    -172.472900    23.159927    217.374008    -42.280560    -241.589645    -97.249199    256.292145    -144.466690    -265.925079    -186.325272
0.000000    0.000000    18.991234    -96.324608    89.627823    1.461590    70.125984    91.250809    -172.195343    25.151960    217.951157    -40.552673    -242.610199    -95.797348    257.576080    -143.239532    -267.379974    -185.276413
0.000000    0.000000    20.918343    -95.567833    90.429657    -1.314647    67.926773    92.667114    -171.894913    27.140654    218.514313    -38.822182    -243.621185    -94.341721    258.852997    -142.008453    -268.829437    -184.223785
0.000000    0.000000    22.829811    -94.739609    91.145920    -4.089640    65.696213    94.040657    -171.571655    29.125742    219.063461    -37.089203    -244.622604    -92.882385    260.122864    -140.773514    -270.273468    -183.167435
0.000000    0.000000    24.724012    -93.839722    91.778175    -6.860863    63.435188    95.370590    -171.225616    31.106962    219.598633    -35.353859    -245.614456    -91.419426    261.385681    -139.534760    -271.712036    -182.107407
0.000000    0.000000    26.599276    -92.867958    92.328018    -9.625925    61.144611    96.656097    -170.856827    33.084049    220.119843    -33.616264    -246.596771    -89.952911    262.641479    -138.292252    -273.145172    -181.043732
0.000000    0.000000    28.453884    -91.824081    92.797066    -12.382565    58.825428    97.896385    -170.465347    35.056744    220.627090    -31.876539    -247.569534    -88.482910    263.890228    -137.046051    -274.572876    -179.976456
0.000000    0.000000    30.286074    -90.707855    93.186951    -15.128640    56.478603    99.090675    -170.051239    37.024784    221.120392    -30.134800    -248.532761    -87.009506    265.131958    -135.796188    -275.995148    -178.905624
0.000000    0.000000    32.094021    -89.519028    93.499306    -17.862129    54.105133    100.238213    -169.614548    38.987907    221.599777    -28.391163    -249.486465    -85.532761    266.366669    -134.542740    -277.411987    -177.831268
0.000000    0.000000    33.875847    -88.257339    93.735786    -20.581123    51.706039    101.338280    -169.155334    40.945850    222.065247    -26.645742    -250.430649    -84.052757    267.594360    -133.285736    -278.823425    -176.753433
0.000000    0.000000    35.629604    -86.922523    93.898026    -23.283817    49.282364    102.390167    -168.673660    42.898357    222.516815    -24.898655    -251.365311    -82.569557    268.815063    -132.025253    -280.229431    -175.672165
0.000000    0.000000    37.353279    -85.514313    93.987671    -25.968510    46.835178    103.393211    -168.169586    44.845169    222.954514    -23.150015    -252.290482    -81.083237    270.028748    -130.761322    -281.630005    -174.587494
0.000000    0.000000    39.044777    -84.032440    94.006355    -28.633595    44.365574    104.346764    -167.643173    46.786026    223.378357    -21.399937    -253.206161    -79.593864    271.235443    -129.494003    -283.025177    -173.499466
0.000000    0.000000    40.701920    -82.476631    93.955696    -31.277559    41.874664    105.250206    -167.094513    48.720673    223.788361    -19.648533    -254.112366    -78.101517    272.435120    -128.223343    -284.414917    -172.408112
0.000000    0.000000    42.322441    -80.846611    93.837311    -33.898975    39.363586    106.102959    -166.523666    50.648849    224.184555    -17.895916    -255.009094    -76.606255    273.627838    -126.949402    -285.799255    -171.313477
0.000000    0.000000    43.903976    -79.142120    93.652786    -36.496502    36.833500    106.904472    -165.930710    52.570305    224.566940    -16.142197    -255.896378    -75.108154    274.813568    -125.672218    -287.178192    -170.215607
0.000000    0.000000    45.444054    -77.362900    93.403702    -39.068871    34.285576    107.654221    -165.315735    54.484779    224.935562    -14.387487    -256.774200    -73.607285    275.992310    -124.391846    -288.551727    -169.114532
0.000000    0.000000    46.940090    -75.508698    93.091621    -41.614887    31.721012    108.351715    -164.678818    56.392025    225.290436    -12.631899    -257.642609    -72.103706    277.164093    -123.108337    -289.919861    -168.010284
0.000000    0.000000    48.389378    -73.579292    92.718079    -44.133427    29.141018    108.996506    -164.020035    58.291786    225.631577    -10.875541    -258.501587    -70.597496    278.328918    -121.821739    -291.282593    -166.902924
0.000000    0.000000    49.789070    -71.574478    92.284592    -46.623436    26.546822    109.588173    -163.339493    60.183811    225.959015    -9.118522    -259.351166    -69.088715    279.486816    -120.532097    -292.639923    -165.792465
0.000000    0.000000    51.136177    -69.494072    91.792664    -49.083916    23.939663    110.126328    -162.637268    62.067848    226.272781    -7.360951    -260.191345    -67.577438    280.637756    -119.239464    -293.991882    -164.678955
0.000000    0.000000    52.427555    -67.337929    91.243759    -51.513931    21.320797    110.610626    -161.913467    63.943649    226.572891    -5.602936    -261.022156    -66.063721    281.781769    -117.943886    -295.338470    -163.562439
0.000000    0.000000    53.659885    -65.105942    90.639336    -53.912601    18.691488    111.040756    -161.168182    65.810966    226.859375    -3.844585    -261.843597    -64.547638    282.918884    -116.645416    -296.679688    -162.442947
0.000000    0.000000    54.829670    -62.798073    89.980820    -56.279099    16.053017    111.416451    -160.401505    67.669548    227.132263    -2.086003    -262.655701    -63.029251    284.049072    -115.344093    -298.015533    -161.320511
0.000000    0.000000    55.933212    -60.414330    89.269615    -58.612640    13.406667    111.737465    -159.613556    69.519157    227.391586    -0.327296    -263.458496    -61.508625    285.172363    -114.039970    -299.346008    -160.195175
0.000000    0.000000    56.966599    -57.954807    88.507103    -60.912495    10.753733    112.003601    -158.804428    71.359543    227.637375    1.431430    -264.251953    -59.985825    286.288757    -112.733093    -300.671143    -159.066971
0.000000    0.000000    57.925678    -55.419693    87.694641    -63.177971    8.095514    112.214699    -157.974243    73.190460    227.869659    3.190071    -265.036133    -58.460915    287.398285    -111.423508    -301.990906    -157.935944
0.000000    0.000000    58.806057    -52.809284    86.833557    -65.408424    5.433316    112.370636    -157.123108    75.011673    228.088455    4.948523    -265.811035    -56.933956    288.500946    -110.111259    -303.305328    -156.802124
0.000000    0.000000    59.603065    -50.124004    85.925163    -67.603241    2.768447    112.471336    -156.251129    76.822937    228.293808    6.706684    -266.576660    -55.405014    289.596741    -108.796394    -304.614441    -155.665543
0.000000    0.000000    60.311741    -47.364441    84.970749    -69.761841    0.102217    112.516747    -155.358429    78.624008    228.485748    8.464450    -267.333038    -53.874149    290.685699    -107.478951    -305.918213    -154.526245
0.000000    0.000000    60.926804    -44.531361    83.971573    -71.883698    -2.564064    112.506866    -154.445129    80.414658    228.664307    10.221721    -268.080200    -52.341427    291.767822    -106.158981    -307.216675    -153.384262
0.000000    0.000000    61.442631    -41.625751    82.928879    -73.968292    -5.229085    112.441727    -153.511353    82.194641    228.829529    11.978395    -268.818146    -50.806908    292.843109    -104.836533    -308.509827    -152.239624
0.000000    0.000000    61.853241    -38.648857    81.843880    -76.015160    -7.891540    112.321404    -152.557220    83.963730    228.981430    13.734372    -269.546906    -49.270649    293.911591    -103.511642    -309.797668    -151.092361
0.000000    0.000000    62.152256    -35.602234    80.717766    -78.023842    -10.550125    112.146004    -151.582870    85.721687    229.120056    15.489553    -270.266479    -47.732716    294.973267    -102.184357    -311.080200    -149.942520
0.000000    0.000000    62.332878    -32.487793    79.551720    -79.993927    -13.203543    111.915672    -150.588425    87.468285    229.245438    17.243839    -270.976929    -46.193165    296.028168    -100.854721    -312.357452    -148.790131
0.000000    0.000000    62.387863    -29.307871    78.346893    -81.925011    -15.850502    111.630600    -149.574020    89.203285    229.357605    18.997131    -271.678223    -44.652058    297.076294    -99.522774    -313.629425    -147.635223
0.000000    0.000000    62.309502    -26.065304    77.104416    -83.816727    -18.489721    111.291008    -148.539795    90.926468    229.456604    20.749332    -272.370422    -43.109451    298.117645    -98.188560    -314.896118    -146.477844
0.000000    0.000000    62.089581    -22.763521    75.825401    -85.668724    -21.119926    110.897163    -147.485886    92.637604    229.542465    22.500345    -273.053528    -41.565407    299.152252    -96.852127    -316.157562    -145.318008
0.000000    0.000000    61.719376    -19.406641    74.510941    -87.480667    -23.739857    110.449364    -146.412430    94.336464    229.615234    24.250074    -273.727570    -40.019981    300.180115    -95.513512    -317.413757    -144.155762
0.000000    0.000000    61.189644    -15.999600    73.162102    -89.252258    -26.348261    109.947937    -145.319580    96.022827    229.674942    25.998425    -274.392548    -38.473232    301.201263    -94.172760    -318.664703    -142.991135
0.000000    0.000000    60.490612    -12.548292    71.779945    -90.983200    -28.943903    109.393257    -144.207474    97.696465    229.721634    27.745302    -275.048492    -36.925217    302.215698    -92.829910    -319.910400    -141.824158
0.000000    0.000000    59.611992    -9.059730    70.365509    -92.673225    -31.525562    108.785728    -143.076263    99.357162    229.755356    29.490612    -275.695435    -35.375992    303.223450    -91.485008    -321.150879    -140.654861
0.000000    0.000000    58.543022    -5.542238    68.919807    -94.322075    -34.092033    108.125793    -141.926117    101.004707    229.776138    31.234261    -276.333374    -33.825615    304.224518    -90.138084    -322.386139    -139.483276
0.000000    0.000000    57.272522    -2.005667    67.443840    -95.929504    -36.642128    107.413918    -140.757172    102.638870    229.784012    32.976154    -276.962372    -32.274139    305.218903    -88.789185    -323.616211    -138.309448
0.000000    0.000000    55.789009    1.538363    65.938599    -97.495293    -39.174675    106.650604    -139.569580    104.259445    229.779022    34.716206    -277.582428    -30.721622    306.206635    -87.438354    -324.841064    -137.133392
0.000000    0.000000    54.080849    5.076198    64.405045    -99.019226    -41.688526    105.836395    -138.363525    105.866219    229.761230    36.454319    -278.193542    -29.168119    307.187744    -86.085625    -326.060730    -135.955154
0.000000    0.000000    52.136478    8.591862    62.844139    -100.501106    -44.182549    104.971848    -137.139145    107.458977    229.730652    38.190407    -278.795776    -27.613684    308.162231    -84.731041    -327.275238    -134.774750
0.000000    0.000000    49.944733    12.066759    61.256821    -101.940742    -46.655636    104.057564    -135.896622    109.037514    229.687347    39.924377    -279.389130    -26.058369    309.130096    -83.374641    -328.484558    -133.592224
0.000000    0.000000    47.495258    15.479389    59.644009    -103.337952    -49.106705    103.094162    -134.636108    110.601616    229.631348    41.656143    -279.973633    -24.502228    310.091370    -82.016464    -329.688751    -132.407593
0.000000    0.000000    44.779076    18.805096    58.006618    -104.692581    -51.534687    102.082298    -133.357773    112.151085    229.562714    43.385612    -280.549316    -22.945314    311.046082    -80.656548    -330.887787    -131.220901
0.000000    0.000000    41.789280    22.015898    56.345547    -106.004463    -53.938545    101.022644    -132.061798    113.685715    229.481476    45.112701    -281.116180    -21.387680    311.994232    -79.294930    -332.081696    -130.032166
0.000000    0.000000    38.521896    25.080458    54.661678    -107.273460    -56.317265    99.915909    -130.748352    115.205307    229.387680    46.837322    -281.674255    -19.829378    312.935822    -77.931648    -333.270477    -128.841431
0.000000    0.000000    34.976883    27.964260    52.955883    -108.499428    -58.669853    98.762817    -129.417603    116.709656    229.281372    48.559387    -282.223572    -18.270460    313.870880    -76.566742    -334.454132    -127.648720
0.000000    0.000000    31.159233    30.630089    51.229027    -109.682236    -60.995354    97.564117    -128.069748    118.198570    229.162598    50.278812    -282.764160    -16.710976    314.799438    -75.200241    -335.632690    -126.454056
0.000000    0.000000    27.080101    33.038876    49.481956    -110.821770    -63.292824    96.320587    -126.704948    119.671852    229.031403    51.995510    -283.296051    -15.150977    315.721497    -73.832191    -336.806152    -125.257477
0.000000    0.000000    22.757809    35.150997    47.715511    -111.917908    -65.561356    95.033020    -125.323402    121.129311    228.887833    53.709400    -283.819244    -13.590514    316.637054    -72.462624    -337.974548    -124.059006
0.000000    0.000000    18.218563    36.928020    45.930519    -112.970543    -67.800064    93.702225    -123.925285    122.570755    228.731934    55.420399    -284.333771    -12.029636    317.546143    -71.091576    -339.137848    -122.858673
0.000000    0.000000    13.496664    38.334816    44.127800    -113.979576    -70.008102    92.329033    -122.510788    123.996002    228.563751    57.128418    -284.839661    -10.468393    318.448792    -69.719086    -340.296112    -121.656509
0.000000    0.000000    8.634025    39.341862    42.308163    -114.944916    -72.184639    90.914299    -121.080093    125.404854    228.383331    58.833382    -285.336945    -8.906834    319.345001    -68.345184    -341.449310    -120.452545
0.000000    0.000000    3.678894    39.927460    40.472408    -115.866470    -74.328873    89.458885    -119.633400    126.797134    228.190720    60.535206    -285.825653    -7.345006    320.234802    -66.969910    -342.597473    -119.246803
0.000000    0.000000    -1.316185    40.079498    38.621326    -116.744148    -76.440041    87.963669    -118.170898    128.172668    227.985962    62.233810    -286.305786    -5.782959    321.118195    -65.593300    -343.740631    -118.039314
0.000000    0.000000    -6.296978    39.796474    36.755707    -117.577873    -78.517395    86.429543    -116.692787    129.531265    227.769119    63.929111    -286.777405    -4.220739    321.995209    -64.215385    -344.878754    -116.830101
0.000000    0.000000    -11.210381    39.087559    34.876324    -118.367577    -80.560226    84.857422    -115.199265    130.872757    227.540237    65.621033    -287.240509    -2.658394    322.865845    -62.836197    -346.011902    -115.619194
0.000000    0.000000    -16.007074    37.971706    32.983948    -119.113182    -82.567856    83.248215    -113.690521    132.196960    227.299362    67.309494    -287.695129    -1.095970    323.730133    -61.455772    -347.140045    -114.406624
0.000000    0.000000    -20.643637    36.475994    31.079344    -119.814629    -84.539635    81.602859    -112.166763    133.503708    227.046539    68.994423    -288.141296    0.466486    324.588074    -60.074146    -348.263214    -113.192413
0.000000    0.000000    -25.083929    34.633488    29.163267    -120.471848    -86.474930    79.922295    -110.628197    134.792816    226.781830    70.675735    -288.579041    2.028928    325.439697    -58.691353    -349.381409    -111.976585
0.000000    0.000000    -29.299686    32.480961    27.236471    -121.084785    -88.373146    78.207458    -109.075027    136.064133    226.505264    72.353355    -289.008362    3.591311    326.285034    -57.307423    -350.494659    -110.759171
0.000000    0.000000    -33.270412    30.056797    25.299702    -121.653389    -90.233727    76.459312    -107.507462    137.317490    226.216919    74.027206    -289.429321    5.153589    327.124084    -55.922390    -351.602966    -109.540192
0.000000    0.000000    -36.982758    27.399214    23.353703    -122.177605    -92.056122    74.678818    -105.925705    138.552734    225.916824    75.697220    -289.841919    6.715719    327.956879    -54.536285    -352.706360    -108.319679
0.000000    0.000000    -40.429600    24.544926    21.399208    -122.657379    -93.839828    72.866936    -104.329971    139.769684    225.605042    77.363312    -290.246185    8.277657    328.783417    -53.149143    -353.804840    -107.097656
0.000000    0.000000    -43.608959    21.528248    19.436954    -123.092674    -95.584373    71.024635    -102.720474    140.968201    225.281616    79.025414    -290.642151    9.839357    329.603729    -51.760994    -354.898407    -105.874153
0.000000    0.000000    -46.522938    18.380562    17.467670    -123.483444    -97.289291    69.152901    -101.097427    142.148117    224.946594    80.683449    -291.029846    11.400778    330.417816    -50.371868    -355.987091    -104.649193
0.000000    0.000000    -49.176735    15.130081    15.492082    -123.829651    -98.954163    67.252701    -99.461044    143.309296    224.600037    82.337349    -291.409302    12.961875    331.225739    -48.981796    -357.070892    -103.422798
0.000000    0.000000    -51.577801    11.801844    13.510914    -124.131264    -100.578590    65.325012    -97.811546    144.451569    224.242004    83.987038    -291.780548    14.522607    332.027466    -47.590813    -358.149811    -102.194992
0.000000    0.000000    -53.735126    8.417834    11.524887    -124.388237    -102.162209    63.370815    -96.149155    145.574799    223.872528    85.632446    -292.143585    16.082932    332.823029    -46.198944    -359.223877    -100.965797
0.000000    0.000000    -55.658680    4.997204    9.534722    -124.600548    -103.704666    61.391087    -94.474091    146.678833    223.491669    87.273499    -292.498474    17.642807    333.612457    -44.806225    -360.293121    -99.735245
0.000000    0.000000    -57.358978    1.556529    7.541138    -124.768166    -105.205650    59.386806    -92.786568    147.763535    223.099487    88.910126    -292.845215    19.202190    334.395752    -43.412682    -361.357544    -98.503357
0.000000    0.000000    -58.846748    -1.889914    5.544850    -124.891060    -106.664864    57.358948    -91.086823    148.828766    222.696030    90.542259    -293.183838    20.761044    335.172943    -42.018349    -362.417145    -97.270157
0.000000    0.000000    -60.132690    -5.329874    3.546575    -124.969208    -108.082047    55.308487    -89.375076    149.874390    222.281357    92.169838    -293.514374    22.319323    335.944061    -40.623253    -363.471954    -96.035667
0.000000    0.000000    -61.227306    -8.752876    1.547030    -125.002586    -109.456955    53.236393    -87.651550    150.900269    221.855515    93.792786    -293.836853    23.876989    336.709106    -39.227421    -364.521973    -94.799911
0.000000    0.000000    -62.140778    -12.149982    -0.453069    -124.991180    -110.789375    51.143635    -85.916481    151.906265    221.418564    95.411034    -294.151306    25.434004    337.468109    -37.830883    -365.567200    -93.562912
0.000000    0.000000    -62.882889    -15.513584    -2.453006    -124.934967    -112.079109    49.031174    -84.170097    152.892258    220.970551    97.024513    -294.457764    26.990328    338.221069    -36.433670    -366.607666    -92.324699
0.000000    0.000000    -63.462990    -18.837217    -4.452064    -124.833931    -113.325996    46.899963    -82.412636    153.858124    220.511536    98.633163    -294.756256    28.545921    338.968018    -35.035809    -367.643402    -91.085289
0.000000    0.000000    -63.889965    -22.115398    -6.449522    -124.688065    -114.529884    44.750957    -80.644318    154.803741    220.041565    100.236916    -295.046814    30.100744    339.708984    -33.637329    -368.674377    -89.844704
0.000000    0.000000    -64.172226    -25.343487    -8.444660    -124.497353    -115.690651    42.585106    -78.865387    155.728973    219.560699    101.835701    -295.329437    31.654760    340.443970    -32.238258    -369.700653    -88.602966
0.000000    0.000000    -64.317719    -28.517561    -10.436756    -124.261787    -116.808189    40.403343    -77.076080    156.633713    219.069000    103.429459    -295.604187    33.207932    341.172974    -30.838621    -370.722198    -87.360100
0.000000    0.000000    -64.333931    -31.634315    -12.425085    -123.981361    -117.882423    38.206600    -75.276634    157.517838    218.566513    105.018127    -295.871063    34.760220    341.896057    -29.438448    -371.739044    -86.116127
0.000000    0.000000    -64.227928    -34.690971    -14.408917    -123.656075    -118.913292    35.995804    -73.467285    158.381241    218.053299    106.601639    -296.130096    36.311584    342.613220    -28.037766    -372.751221    -84.871071
0.000000    0.000000    -64.006340    -37.685200    -16.387522    -123.285927    -119.900757    33.771870    -71.648270    159.223816    217.529404    108.179932    -296.381348    37.861992    343.324463    -26.636599    -373.758728    -83.624954
0.000000    0.000000    -63.675415    -40.615051    -18.360165    -122.870918    -120.844803    31.535704    -69.819832    160.045456    216.994888    109.752945    -296.624817    39.411407    344.029816    -25.234976    -374.761566    -82.377792
0.000000    0.000000    -63.241028    -43.478912    -20.326105    -122.411057    -121.745422    29.288206    -67.982216    160.846054    216.449814    111.320610    -296.860535    40.959793    344.729309    -23.832922    -375.759766    -81.129608
0.000000    0.000000    -62.708702    -46.275440    -22.284597    -121.906349    -122.602638    27.030266    -66.135658    161.625504    215.894226    112.882874    -297.088531    42.507114    345.422943    -22.430464    -376.753326    -79.880424
0.000000    0.000000    -62.083645    -49.003536    -24.234894    -121.356804    -123.416489    24.762764    -64.280411    162.383713    215.328186    114.439674    -297.308838    44.053333    346.110748    -21.027628    -377.742279    -78.630264
0.000000    0.000000    -61.370754    -51.662304    -26.176239    -120.762436    -124.187019    22.486572    -62.416714    163.120575    214.751755    115.990952    -297.521484    45.598419    346.792755    -19.624439    -378.726624    -77.379143
0.000000    0.000000    -60.574650    -54.251022    -28.107872    -120.123260    -124.914307    20.202549    -60.544819    163.836014    214.164978    117.536644    -297.726471    47.142334    347.468964    -18.220922    -379.706390    -76.127090
0.000000    0.000000    -59.699688    -56.769115    -30.029026    -119.439301    -125.598434    17.911547    -58.664970    164.529922    213.567932    119.076691    -297.923859    48.685043    348.139404    -16.817102    -380.681580    -74.874115
0.000000    0.000000    -58.749981    -59.216133    -31.938929    -118.710587    -126.239510    15.614404    -56.777416    165.202225    212.960648    120.611038    -298.113678    50.226513    348.804077    -15.413004    -381.652191    -73.620247
0.000000    0.000000    -57.729420    -61.591732    -33.836796    -117.937141    -126.837646    13.311951    -54.882404    165.852829    212.343201    122.139626    -298.295929    51.766708    349.463013    -14.008653    -382.618256    -72.365501
0.000000    0.000000    -56.641685    -63.895664    -35.721840    -117.119003    -127.392982    11.005005    -52.980186    166.481659    211.715637    123.662399    -298.470673    53.305599    350.116241    -12.604072    -383.579803    -71.109894
0.000000    0.000000    -55.490261    -66.127754    -37.593262    -116.256203    -127.905670    8.694374    -51.071014    167.088638    211.078018    125.179298    -298.637909    54.843151    350.763763    -11.199286    -384.536804    -69.853447
0.000000    0.000000    -54.278458    -68.287888    -39.450256    -115.348793    -128.375854    6.380856    -49.155140    167.673691    210.430405    126.690269    -298.797668    56.379333    351.405609    -9.794318    -385.489319    -68.596184
0.000000    0.000000    -53.009411    -70.376007    -41.292011    -114.396812    -128.803726    4.065233    -47.232815    168.236740    209.772858    128.195251    -298.949982    57.914112    352.041809    -8.389193    -386.437317    -67.338120
0.000000    0.000000    -51.686111    -72.392097    -43.117699    -113.400322    -129.189468    1.748281    -45.304295    168.777710    209.105423    129.694199    -299.094910    59.447453    352.672363    -6.983933    -387.380859    -66.079277
0.000000    0.000000    -50.311405    -74.336182    -44.926483    -112.359375    -129.533279    -0.569238    -43.369831    169.296555    208.428162    131.187057    -299.232452    60.979328    353.297272    -5.578562    -388.319916    -64.819672
0.000000    0.000000    -48.888000    -76.208321    -46.717522    -111.274040    -129.835373    -2.886574    -41.429680    169.793198    207.741135    132.673767    -299.362640    62.509705    353.916595    -4.173102    -389.254517    -63.559322
0.000000    0.000000    -47.418491    -78.008583    -48.489952    -110.144394    -130.095978    -5.202987    -39.484097    170.267578    207.044403    134.154266    -299.485504    64.038551    354.530334    -2.767577    -390.184692    -62.298248
0.000000    0.000000    -45.905354    -79.737076    -50.242908    -108.970512    -130.315323    -7.517750    -37.533337    170.719635    206.338013    135.628510    -299.601044    65.565834    355.138489    -1.362008    -391.110443    -61.036465
0.000000    0.000000    -44.350960    -81.393906    -51.975510    -107.752480    -130.493652    -9.830147    -35.577660    171.149307    205.622025    137.096451    -299.709320    67.091530    355.741089    0.043582    -392.031769    -59.773994
0.000000    0.000000    -42.757584    -82.979195    -53.686863    -106.490395    -130.631226    -12.139474    -33.617317    171.556549    204.896500    138.558029    -299.810364    68.615601    356.338165    1.449172    -392.948700    -58.510853
0.000000    0.000000    -41.127411    -84.493073    -55.376060    -105.184364    -130.728302    -14.445038    -31.652573    171.941315    204.161499    140.013199    -299.904175    70.138023    356.929718    2.854739    -393.861237    -57.247059
0.000000    0.000000    -39.462543    -85.935677    -57.042179    -103.834496    -130.785156    -16.746157    -29.683681    172.303558    203.417084    141.461914    -299.990814    71.658768    357.515778    4.260262    -394.769409    -55.982628
0.000000    0.000000    -37.765007    -87.307137    -58.684284    -102.440918    -130.802063    -19.042162    -27.710903    172.643234    202.663300    142.904114    -300.070282    73.177803    358.096375    5.665720    -395.673218    -54.717579
0.000000    0.000000    -36.036762    -88.607597    -60.301426    -101.003761    -130.779327    -21.332396    -25.734495    172.960312    201.900223    144.339752    -300.142639    74.695099    358.671509    7.071092    -396.572662    -53.451927
0.000000    0.000000    -34.279694    -89.837189    -61.892635    -99.523170    -130.717239    -23.616211    -23.754719    173.254745    201.127899    145.768784    -300.207886    76.210625    359.241211    8.476357    -397.467773    -52.185692
0.000000    0.000000    -32.495636    -90.996048    -63.456932    -97.999298    -130.616119    -25.892973    -21.771833    173.526505    200.346390    147.191162    -300.266052    77.724358    359.805481    9.881493    -398.358582    -50.918892
0.000000    0.000000    -30.686361    -92.084297    -64.993317    -96.432320    -130.476273    -28.162058    -19.786098    173.775558    199.555756    148.606842    -300.317200    79.236267    360.364349    11.286481    -399.245087    -49.651539
0.000000    0.000000    -28.853598    -93.102058    -66.500771    -94.822418    -130.298019    -30.422853    -17.797775    174.001862    198.756042    150.015762    -300.361328    80.746323    360.917847    12.691300    -400.127289    -48.383652
0.000000    0.000000    -26.999022    -94.049438    -67.978256    -93.169792    -130.081696    -32.674759    -15.807123    174.205414    197.947327    151.417877    -300.398468    82.254501    361.465973    14.095932    -401.005219    -47.115250
0.000000    0.000000    -25.124271    -94.926544    -69.424728    -91.474655    -129.827621    -34.917187    -13.814404    174.386185    197.129654    152.813141    -300.428650    83.760773    362.008759    15.500355    -401.878876    -45.846344
0.000000    0.000000    -23.230947    -95.733475    -70.839111    -89.737236    -129.536148    -37.149555    -11.819878    174.544144    196.303085    154.201523    -300.451904    85.265114    362.546234    16.904549    -402.748291    -44.576954
0.000000    0.000000    -21.320614    -96.470306    -72.220306    -87.957779    -129.207626    -39.371296    -9.823807    174.679291    195.467682    155.582962    -300.468231    86.767494    363.078400    18.308496    -403.613464    -43.307095
0.000000    0.000000    -19.394804    -97.137115    -73.567207    -86.136559    -128.842407    -41.581852    -7.826452    174.791595    194.623505    156.957413    -300.477692    88.267891    363.605255    19.712177    -404.474426    -42.036785
0.000000    0.000000    -17.455025    -97.733963    -74.878685    -84.273849    -128.440842    -43.780682    -5.828074    174.881058    193.770615    158.324844    -300.480316    89.766273    364.126862    21.115572    -405.331177    -40.766037
0.000000    0.000000    -15.502760    -98.260895    -76.153572    -82.369972    -128.003296    -45.967243    -3.828935    174.947678    192.909073    159.685196    -300.476105    91.262619    364.643188    22.518661    -406.183716    -39.494865
0.000000    0.000000    -13.539471    -98.717957    -77.390701    -80.425247    -127.530136    -48.141018    -1.829295    174.991440    192.038925    161.038437    -300.465118    92.756905    365.154297    23.921429    -407.032074    -38.223289
0.000000    0.000000    -11.566602    -99.105164    -78.588867    -78.440033    -127.021729    -50.301487    0.170583    175.012344    191.160248    162.384506    -300.447357    94.249100    365.660187    25.323854    -407.876282    -36.951321
0.000000    0.000000    -9.585582    -99.422531    -79.746849    -76.414711    -126.478455    -52.448147    2.170440    175.010391    190.273087    163.723373    -300.422852    95.739182    366.160889    26.725920    -408.716309    -35.678974
0.000000    0.000000    -7.597829    -99.670059    -80.863396    -74.349686    -125.900688    -54.580505    4.170012    174.985596    189.377502    165.054993    -300.391632    97.227127    366.656403    28.127607    -409.552216    -34.406265
0.000000    0.000000    -5.604751    -99.847740    -81.937241    -72.245399    -125.288811    -56.698078    6.169041    174.937958    188.473557    166.379333    -300.353729    98.712906    367.146759    29.528898    -410.383972    -33.133209
0.000000    0.000000    -3.607750    -99.955536    -82.967087    -70.102318    -124.643219    -58.800388    8.167265    174.867493    187.561310    167.696335    -300.309174    100.196503    367.631958    30.929775    -411.211609    -31.859823
0.000000    0.000000    -1.608225    -99.993408    -83.951614    -67.920944    -123.964294    -60.886974    10.164423    174.774200    186.640823    169.005966    -300.257996    101.677887    368.112030    32.330223    -412.035156    -30.586119
0.000000    0.000000    0.392425    -99.961296    -84.889473    -65.701813    -123.252426    -62.957382    12.160254    174.658112    185.712143    170.308197    -300.200226    103.157036    368.587006    33.730221    -412.854614    -29.312111
0.000000    0.000000    2.392800    -99.859131    -85.779289    -63.445499    -122.508018    -65.011169    14.154500    174.519241    184.775345    171.602966    -300.135895    104.633926    369.056885    35.129753    -413.669983    -28.037813
0.000000    0.000000    4.391495    -99.686829    -86.619667    -61.152618    -121.731461    -67.047897    16.146900    174.357620    183.830475    172.890244    -300.065033    106.108536    369.521698    36.528801    -414.481293    -26.763241
0.000000    0.000000    6.387095    -99.444290    -87.409180    -58.823826    -120.923157    -69.067139    18.137196    174.173264    182.877594    174.169998    -299.987640    107.580841    369.981476    37.927349    -415.288574    -25.488407
0.000000    0.000000    8.378178    -99.131401    -88.146378    -56.459827    -120.083511    -71.068474    20.125126    173.966202    181.916779    175.442184    -299.903748    109.050819    370.436218    39.325382    -416.091797    -24.213326
0.000000    0.000000    10.363303    -98.748039    -88.829781    -54.061371    -119.212921    -73.051498    22.110434    173.736465    180.948074    176.706757    -299.813416    110.518448    370.885925    40.722885    -416.891022    -22.938009
0.000000    0.000000    12.341018    -98.294060    -89.457886    -51.629261    -118.311798    -75.015816    24.092859    173.484085    179.971527    177.963684    -299.716644    111.983711    371.330627    42.119839    -417.686218    -21.662472
0.000000    0.000000    14.309847    -97.769310    -90.029160    -49.164352    -117.380554    -76.961037    26.072147    173.209106    178.987213    179.212936    -299.613464    113.446579    371.770355    43.516228    -418.477417    -20.386728
0.000000    0.000000    16.268293    -97.173622    -90.542046    -46.667561    -116.419594    -78.886772    28.048038    172.911575    177.995193    180.454468    -299.503906    114.907028    372.205139    44.912033    -419.264648    -19.110790
0.000000    0.000000    18.214834    -96.506813    -90.994965    -44.139858    -115.429337    -80.792656    30.020277    172.591522    176.995529    181.688232    -299.388000    116.365044    372.634979    46.307243    -420.047913    -17.834671
0.000000    0.000000    20.147915    -95.768684    -91.386314    -41.582287    -114.410187    -82.678314    31.988607    172.248993    175.988266    182.914200    -299.265778    117.820602    373.059875    47.701839    -420.827209    -16.558384
0.000000    0.000000    22.065948    -94.959038    -91.714455    -38.995956    -113.362564    -84.543396    33.952774    171.884048    174.973465    184.132339    -299.137238    119.273682    373.479858    49.095810    -421.602570    -15.281942
0.000000    0.000000    23.967312    -94.077652    -91.977737    -36.382050    -112.286880    -86.387550    35.912521    171.496719    173.951202    185.342621    -299.002441    120.724258    373.894958    50.489136    -422.373993    -14.005358
0.000000    0.000000    25.850338    -93.124290    -92.174484    -33.741825    -111.183556    -88.210442    37.867596    171.087082    172.921524    186.544998    -298.861389    122.172318    374.305176    51.881805    -423.141510    -12.728643
0.000000    0.000000    27.713320    -92.098717    -92.303009    -31.076626    -110.053009    -90.011734    39.817741    170.655182    171.884491    187.739441    -298.714142    123.617836    374.710541    53.273800    -423.905121    -11.451812
0.000000    0.000000    29.554497    -91.000679    -92.361595    -28.387880    -108.895660    -91.791100    41.762711    170.201080    170.840149    188.925919    -298.560699    125.060791    375.111084    54.665108    -424.664825    -10.174875
0.000000    0.000000    31.372053    -89.829918    -92.348511    -25.677107    -107.711922    -93.548225    43.702248    169.724854    169.788574    190.104401    -298.401093    126.501167    375.506805    56.055714    -425.420654    -8.897845
0.000000    0.000000    33.164120    -88.586166    -92.262024    -22.945923    -106.502213    -95.282799    45.636101    169.226547    168.729828    191.274841    -298.235352    127.938942    375.897705    57.445602    -426.172607    -7.620735
0.000000    0.000000    34.928757    -87.269142    -92.100380    -20.196049    -105.266960    -96.994514    47.564022    168.706253    167.663956    192.437210    -298.063507    129.374100    376.283844    58.834759    -426.920715    -6.343555